547
034
008
323
184
097
732
741
279
761
519
267
403
286
752
456
450
491
050
762
557
684
058
385
681
314
004
299
178
472
625
633
369
545
704
708
274
553
442
069
245
521
647
075
132
489
441
246
473
193
461
189
162
016
512
631
192
344
610
675
116
236
562
043
358
568
765
756
697
365
437
273
284
367
758
064
085
239
518
551
685
577
731
579
047
079
167
517
111
587
495
288
715
627
643
528
424
749
444
180
515
302
722
022
251
706
346
728
513
042
674
591
446
092
448
653
265
003
509
707
067
048
229
590
638
081
603
607
737
452
395
662
045
275
496
434
011
136
556
087
645
276
332
538
580
335
091
282
206
679
145
108
304
318
641
700
071
006
696
417
056
555
348
117
402
554
582
371
493
270
216
501
368
263
226
207
024
260
435
666
490
174
559
017
630
733
407
735
656
642
655
093
676
479
222
549
224
183
123
383
220
412
394
055
188
142
330
583
373
041
375
013
134
393
539
558
433
477
767
086
753
247
084
566
219
436
510
498
420
766
470
660
427
127
306
409
388
292
475
305
624
080
234
522
361
252
667
370
124
668
486
197
322
021
177
294
661
686
504
751
026
404
098
261
594
194
640
057
074
606
341
378
244
215
060
146
467
636
600
763
285
023
505
497
460
259
152
687
713
487
422
581
659
257
046
061
609
651
249
312
462
534
718
171
616
634
208
664
574
324
083
663
269
628
550
560
502
750
255
532
202
451
764
623
148
129
570
307
447
507
268
755
359
503
205
535
334
221
033
690
319
738
410
637
088
597
203
118
678
605
049
389
595
760
694
095
321
540
164
499
578
001
575
027
657
141
169
109
345
709
175
039
059
691
466
333
052
356
100
683
458
511
698
131
416
742
596
381
185
463
604
457
693
541
563
066
018
564
237
126
396
212
121
329
527
139
614
413
672
711
283
523
387
649
405
328
094
572
342
671
019
703
198
186
347
005
214
617
000
296
481
544
719
313
712
327
195
349
038
567
187
621
376
077
213
351
143
290
569
147
688
133
353
320
480
397
529
546
584
166
309
316
677
199
759
119
151
469
576
494
176
078
484
430
588
646
432
632
744
748
620
308
746
144
362
154
723
339
440
514
036
714
101
338
692
705
254
476
063
726
734
695
223
155
669
161
468
474
565
673
533
150
488
225
149
411
015
096
065
455
586
506
379
209
360
363
014
366
391
725
277
536
170
228
415
622
287
377
449
398
543
070
