000
008
016
026
027
033
034
038
043
048
057
065
096
108
119
126
127
144
146
155
161
167
171
176
180
184
193
221
224
236
244
245
247
255
263
275
277
287
290
351
373
389
391
405
458
473
477
479
512
514
519
521
528
529
532
535
536
540
543
545
547
549
554
555
556
558
560
562
564
566
568
574
575
579
581
587
588
590
591
597
600
604
610
624
627
632
641
642
643
647
649
655
656
663
664
666
668
671
677
679
685
686
688
692
694
697
698
703
704
707
708
709
718
725
726
732
738
741
755
760
128
211
289
352
382
002
007
009
010
012
025
028
037
040
062
